17  0
2500000	-500000
2500000	3500000
-1000000	3500000
-1000000	-500000
2500000	-500000
18  1
2237500	1210000
2237500	1285000
2162500	1285000
2162500	1210000
2237500	1210000
18  2
2237500	1610000
2237500	1685000
2162500	1685000
2162500	1610000
2237500	1610000
18  3
1932000	1500000
1932000	2620000
700000	2620000
700000	1500000
1932000	1500000
18  4
1932000	280000
1932000	1400000
700000	1400000
700000	280000
1932000	280000
19  5
1437500	610000
1437500	685000
1362500	685000
1362500	610000
1437500	610000
19  6
1437500	2210000
1437500	2285000
1362500	2285000
1362500	2210000
1437500	2210000
19  7
2237500	1210000
2237500	1285000
2162500	1285000
2162500	1210000
2237500	1210000
19  8
2237500	1610000
2237500	1685000
2162500	1685000
2162500	1610000
2237500	1610000
19  9
1338400	700000
1338400	1316000
700000	1316000
700000	700000
1338400	700000
19  10
1338400	1524000
1338400	2140000
700000	2140000
700000	1524000
1338400	1524000
19  11
700000	1500000
700000	1700000
250000	1700000
250000	1500000
700000	1500000
19  12
700000	800000
700000	1000000
400000	1000000
400000	800000
700000	800000
19  13
600000	500000
600000	800000
400000	800000
400000	500000
600000	500000
20  14
2237500	1610000
2237500	1685000
2162500	1685000
2162500	1610000
2237500	1610000
20  15
2237500	1210000
2237500	1285000
2162500	1285000
2162500	1210000
2237500	1210000
20  16
1437500	2210000
1437500	2285000
1362500	2285000
1362500	2210000
1437500	2210000
20  17
1437500	610000
1437500	685000
1362500	685000
1362500	610000
1437500	610000
20  18
2000000	1847500
2000000	2047500
1200000	2047500
1200000	1847500
2000000	1847500
20  19
2000000	847500
2000000	1047500
1200000	1047500
1200000	847500
2000000	847500
20  20
800000	800000
800000	1700000
500000	1700000
500000	800000
800000	800000
21  21
1287500	1910000
1287500	1985000
1212500	1985000
1212500	1910000
1287500	1910000
21  22
1287500	910000
1287500	985000
1212500	985000
1212500	910000
1287500	910000
21  23
1957500	1910000
1957500	1985000
1882500	1985000
1882500	1910000
1957500	1910000
21  24
1957500	910000
1957500	985000
1882500	985000
1882500	910000
1957500	910000
21  25
2237500	1610000
2237500	1685000
2162500	1685000
2162500	1610000
2237500	1610000
21  26
2237500	1210000
2237500	1285000
2162500	1285000
2162500	1210000
2237500	1210000
21  27
1437500	2210000
1437500	2285000
1362500	2285000
1362500	2210000
1437500	2210000
21  28
1437500	610000
1437500	685000
1362500	685000
1362500	610000
1437500	610000
21  29
2000000	1547500
2000000	1747500
1000000	1747500
1000000	1547500
2000000	1547500
21  30
2000000	1147500
2000000	1347500
1000000	1347500
1000000	1147500
2000000	1147500
22  31
1437500	2210000
1437500	2285000
1362500	2285000
1362500	2210000
1437500	2210000
22  32
2237500	1210000
2237500	1285000
2162500	1285000
2162500	1210000
2237500	1210000
22  33
2237500	1610000
2237500	1685000
2162500	1685000
2162500	1610000
2237500	1610000
22  34
1957500	910000
1957500	985000
1882500	985000
1882500	910000
1957500	910000
22  35
1957500	1910000
1957500	1985000
1882500	1985000
1882500	1910000
1957500	1910000
22  36
1287500	910000
1287500	985000
1212500	985000
1212500	910000
1287500	910000
22  37
1287500	1910000
1287500	1985000
1212500	1985000
1212500	1910000
1287500	1910000
22  38
1437500	610000
1437500	685000
1362500	685000
1362500	610000
1437500	610000
22  39
1957500	1610000
1957500	1685000
1882500	1685000
1882500	1610000
1957500	1610000
22  40
1957500	1210000
1957500	1285000
1882500	1285000
1882500	1210000
1957500	1210000
22  41
1137500	1210000
1137500	1285000
1062500	1285000
1062500	1210000
1137500	1210000
22  42
1137500	1610000
1137500	1685000
1062500	1685000
1062500	1610000
1137500	1610000
23  43
1137500	1610000
1137500	1685000
1062500	1685000
1062500	1610000
1137500	1610000
23  44
1137500	1210000
1137500	1285000
1062500	1285000
1062500	1210000
1137500	1210000
23  45
1957500	1210000
1957500	1285000
1882500	1285000
1882500	1210000
1957500	1210000
23  46
1957500	1610000
1957500	1685000
1882500	1685000
1882500	1610000
1957500	1610000
23  47
1287500	1910000
1287500	1985000
1212500	1985000
1212500	1910000
1287500	1910000
23  48
1287500	910000
1287500	985000
1212500	985000
1212500	910000
1287500	910000
23  49
2237500	1610000
2237500	1685000
2162500	1685000
2162500	1610000
2237500	1610000
23  50
2237500	1210000
2237500	1285000
2162500	1285000
2162500	1210000
2237500	1210000
23  51
2000000	1847500
2000000	2347500
1800000	2347500
1800000	1847500
2000000	1847500
23  52
1800000	2147500
1800000	2347500
1280000	2347500
1280000	2147500
1800000	2147500
23  53
2000000	547500
2000000	1047500
1800000	1047500
1800000	547500
2000000	547500
23  54
1800000	547500
1800000	747500
1280000	747500
1280000	547500
1800000	547500
24  55
2237500	1210000
2237500	1285000
2162500	1285000
2162500	1210000
2237500	1210000
24  56
2237500	1610000
2237500	1685000
2162500	1685000
2162500	1610000
2237500	1610000
24  57
1137500	1610000
1137500	1685000
1062500	1685000
1062500	1610000
1137500	1610000
24  58
1137500	1210000
1137500	1285000
1062500	1285000
1062500	1210000
1137500	1210000
24  59
1800000	1847500
1800000	2047500
1200000	2047500
1200000	1847500
1800000	1847500
24  60
2000000	1547500
2000000	2047500
1800000	2047500
1800000	1547500
2000000	1547500
24  61
1800000	847500
1800000	1047500
1200000	1047500
1200000	847500
1800000	847500
24  62
2000000	847500
2000000	1347500
1800000	1347500
1800000	847500
2000000	847500
40  63
2300000	1147500
2300000	1347500
1000000	1347500
1000000	1147500
2300000	1147500
40  64
2300000	1547500
2300000	1747500
1000000	1747500
1000000	1547500
2300000	1547500
25  65
2237500	1210000
2237500	1285000
2162500	1285000
2162500	1210000
2237500	1210000
25  66
2237500	1610000
2237500	1685000
2162500	1685000
2162500	1610000
2237500	1610000
26  67
1437500	610000
1437500	685000
1362500	685000
1362500	610000
1437500	610000
26  68
1437500	2210000
1437500	2285000
1362500	2285000
1362500	2210000
1437500	2210000
26  69
2237500	1210000
2237500	1285000
2162500	1285000
2162500	1210000
2237500	1210000
26  70
2237500	1610000
2237500	1685000
2162500	1685000
2162500	1610000
2237500	1610000
27  71
2237500	1610000
2237500	1685000
2162500	1685000
2162500	1610000
2237500	1610000
27  72
2237500	1210000
2237500	1285000
2162500	1285000
2162500	1210000
2237500	1210000
27  73
1437500	2210000
1437500	2285000
1362500	2285000
1362500	2210000
1437500	2210000
27  74
1437500	610000
1437500	685000
1362500	685000
1362500	610000
1437500	610000
27  75
637500	862500
637500	937500
562500	937500
562500	862500
637500	862500
28  76
1287500	1910000
1287500	1985000
1212500	1985000
1212500	1910000
1287500	1910000
28  77
1287500	910000
1287500	985000
1212500	985000
1212500	910000
1287500	910000
28  78
1957500	1910000
1957500	1985000
1882500	1985000
1882500	1910000
1957500	1910000
28  79
1957500	910000
1957500	985000
1882500	985000
1882500	910000
1957500	910000
28  80
2237500	1610000
2237500	1685000
2162500	1685000
2162500	1610000
2237500	1610000
28  81
2237500	1210000
2237500	1285000
2162500	1285000
2162500	1210000
2237500	1210000
28  82
1437500	2210000
1437500	2285000
1362500	2285000
1362500	2210000
1437500	2210000
28  83
1437500	610000
1437500	685000
1362500	685000
1362500	610000
1437500	610000
29  84
1437500	2210000
1437500	2285000
1362500	2285000
1362500	2210000
1437500	2210000
29  85
2237500	1210000
2237500	1285000
2162500	1285000
2162500	1210000
2237500	1210000
29  86
2237500	1610000
2237500	1685000
2162500	1685000
2162500	1610000
2237500	1610000
29  87
1957500	910000
1957500	985000
1882500	985000
1882500	910000
1957500	910000
29  88
1957500	1910000
1957500	1985000
1882500	1985000
1882500	1910000
1957500	1910000
29  89
1287500	910000
1287500	985000
1212500	985000
1212500	910000
1287500	910000
29  90
1287500	1910000
1287500	1985000
1212500	1985000
1212500	1910000
1287500	1910000
29  91
1437500	610000
1437500	685000
1362500	685000
1362500	610000
1437500	610000
29  92
1957500	1610000
1957500	1685000
1882500	1685000
1882500	1610000
1957500	1610000
29  93
1957500	1210000
1957500	1285000
1882500	1285000
1882500	1210000
1957500	1210000
29  94
1137500	1210000
1137500	1285000
1062500	1285000
1062500	1210000
1137500	1210000
29  95
1137500	1610000
1137500	1685000
1062500	1685000
1062500	1610000
1137500	1610000
30  96
1137500	1610000
1137500	1685000
1062500	1685000
1062500	1610000
1137500	1610000
30  97
1137500	1210000
1137500	1285000
1062500	1285000
1062500	1210000
1137500	1210000
30  98
1957500	1210000
1957500	1285000
1882500	1285000
1882500	1210000
1957500	1210000
30  99
1957500	1610000
1957500	1685000
1882500	1685000
1882500	1610000
1957500	1610000
30  100
1437500	610000
1437500	685000
1362500	685000
1362500	610000
1437500	610000
30  101
1287500	1910000
1287500	1985000
1212500	1985000
1212500	1910000
1287500	1910000
30  102
1287500	910000
1287500	985000
1212500	985000
1212500	910000
1287500	910000
30  103
1957500	1910000
1957500	1985000
1882500	1985000
1882500	1910000
1957500	1910000
30  104
1957500	910000
1957500	985000
1882500	985000
1882500	910000
1957500	910000
30  105
2237500	1610000
2237500	1685000
2162500	1685000
2162500	1610000
2237500	1610000
30  106
2237500	1210000
2237500	1285000
2162500	1285000
2162500	1210000
2237500	1210000
30  107
1437500	2210000
1437500	2285000
1362500	2285000
1362500	2210000
1437500	2210000
31  108
2237500	1210000
2237500	1285000
2162500	1285000
2162500	1210000
2237500	1210000
31  109
2237500	1610000
2237500	1685000
2162500	1685000
2162500	1610000
2237500	1610000
31  110
1137500	1610000
1137500	1685000
1062500	1685000
1062500	1610000
1137500	1610000
31  111
1137500	1210000
1137500	1285000
1062500	1285000
1062500	1210000
1137500	1210000
31  112
1957500	1210000
1957500	1285000
1882500	1285000
1882500	1210000
1957500	1210000
31  113
1957500	1610000
1957500	1685000
1882500	1685000
1882500	1610000
1957500	1610000
31  114
1287500	1910000
1287500	1985000
1212500	1985000
1212500	1910000
1287500	1910000
31  115
1287500	910000
1287500	985000
1212500	985000
1212500	910000
1287500	910000
41  116
2237500	1210000
2237500	1285000
2162500	1285000
2162500	1210000
2237500	1210000
41  117
2237500	1610000
2237500	1685000
2162500	1685000
2162500	1610000
2237500	1610000
41  118
1137500	1210000
1137500	1285000
1062500	1285000
1062500	1210000
1137500	1210000
41  119
1137500	1610000
1137500	1685000
1062500	1685000
1062500	1610000
1137500	1610000
